1 0.11658653846153846 0.31490384615384615 0.052884615384615384 0.09615384615384616
1 0.27524038461538464 0.33774038461538464 0.11057692307692307 0.18269230769230768
1 0.3918269230769231 0.359375 0.11298076923076923 0.18028846153846154
0 0.5048076923076923 0.3894230769230769 0.08173076923076923 0.13701923076923078
0 0.19110576923076922 0.2980769230769231 0.07211538461538461 0.11778846153846154
0 0.07211538461538461 0.27884615384615385 0.07211538461538461 0.13221153846153846
0 0.8581730769230769 0.5528846153846154 0.06490384615384616 0.11778846153846154
0 0.7439903846153846 0.46274038461538464 0.08413461538461539 0.12740384615384615
0 0.6682692307692307 0.4855769230769231 0.057692307692307696 0.10336538461538461
0 0.6189903846153846 0.4675480769230769 0.0889423076923077 0.13221153846153846
0 0.5733173076923077 0.4951923076923077 0.06009615384615385 0.1201923076923077
0 0.5252403846153846 0.47716346153846156 0.0625 0.11057692307692307