1 0.9795673076923077 0.3389423076923077 0.038461538461538464 0.18269230769230768
0 0.49278846153846156 0.4579326923076923 0.09134615384615384 0.15625
0 0.6430288461538461 0.47115384615384615 0.08653846153846154 0.15625
0 0.34375 0.5024038461538461 0.09134615384615384 0.1778846153846154
0 0.2860576923076923 0.53125 0.06490384615384616 0.13701923076923078
0 0.45072115384615385 0.36177884615384615 0.06490384615384616 0.11057692307692307
0 0.5625 0.35096153846153844 0.06490384615384616 0.11538461538461539
0 0.03125 0.41225961538461536 0.052884615384615384 0.10576923076923077
0 0.17427884615384615 0.3870192307692308 0.057692307692307696 0.11057692307692307
0 0.1875 0.3233173076923077 0.05048076923076923 0.09615384615384616
0 0.6502403846153846 0.3870192307692308 0.07451923076923077 0.10576923076923077
0 0.1346153846153846 0.4266826923076923 0.05048076923076923 0.11057692307692307
0 0.12379807692307693 0.3425480769230769 0.05048076923076923 0.08653846153846154
0 0.5336538461538461 0.4206730769230769 0.052884615384615384 0.10817307692307693
0 0.055288461538461536 0.3798076923076923 0.040865384615384616 0.08653846153846154
0 0.001201923076923077 0.359375 0.002403846153846154 0.09375