1 0.890625 0.328125 0.04567307692307692 0.09615384615384616
1 0.7247596153846154 0.3317307692307692 0.09375 0.18269230769230768
1 0.6021634615384616 0.33774038461538464 0.0985576923076923 0.1778846153846154
0 0.48197115384615385 0.3557692307692308 0.06971153846153846 0.13701923076923078
0 0.8161057692307693 0.3004807692307692 0.0625 0.11778846153846154
0 0.9423076923076923 0.2956730769230769 0.06009615384615385 0.13221153846153846
0 0.09615384615384616 0.47716346153846156 0.055288461538461536 0.11778846153846154
0 0.22596153846153846 0.40024038461538464 0.07451923076923077 0.12740384615384615
0 0.3004807692307692 0.4338942307692308 0.04807692307692308 0.10336538461538461
0 0.35336538461538464 0.421875 0.07932692307692307 0.12980769230769232
0 0.39663461538461536 0.45552884615384615 0.04807692307692308 0.12259615384615384
0 0.4495192307692308 0.4423076923076923 0.052884615384615384 0.11057692307692307