1 0.0985576923076923 0.4375 0.09134615384615384 0.15384615384615385
1 0.020432692307692308 0.38100961538461536 0.038461538461538464 0.19471153846153846
1 0.4230769230769231 0.4675480769230769 0.07211538461538461 0.1201923076923077
1 0.9254807692307693 0.4110576923076923 0.14903846153846154 0.24519230769230768
1 0.1778846153846154 0.46033653846153844 0.07211538461538461 0.1201923076923077
1 0.27283653846153844 0.44711538461538464 0.07932692307692307 0.11057692307692307
1 0.7956730769230769 0.49399038461538464 0.07211538461538461 0.12980769230769232
1 0.6394230769230769 0.4543269230769231 0.07211538461538461 0.10817307692307693
1 0.7367788461538461 0.4495192307692308 0.06490384615384616 0.1201923076923077
1 0.5456730769230769 0.4567307692307692 0.06009615384615385 0.11298076923076923
1 0.8653846153846154 0.4735576923076923 0.06971153846153846 0.16105769230769232