1 0.06490384615384616 0.24519230769230768 0.07451923076923077 0.18269230769230768
0 0.5132211538461539 0.46033653846153844 0.1201923076923077 0.16826923076923078
0 0.3641826923076923 0.4423076923076923 0.11538461538461539 0.1658653846153846
0 0.6502403846153846 0.5336538461538461 0.12259615384615384 0.1875
0 0.6983173076923077 0.5733173076923077 0.09134615384615384 0.14182692307692307
0 0.5745192307692307 0.37740384615384615 0.08413461538461539 0.1201923076923077
0 0.46875 0.3425480769230769 0.08413461538461539 0.12259615384615384
0 0.9663461538461539 0.5096153846153846 0.0673076923076923 0.11057692307692307
0 0.8377403846153846 0.45913461538461536 0.07932692307692307 0.11778846153846154
0 0.8377403846153846 0.39302884615384615 0.0673076923076923 0.10096153846153846
0 0.3762019230769231 0.359375 0.09134615384615384 0.11538461538461539
0 0.8677884615384616 0.5036057692307693 0.06971153846153846 0.11538461538461539
0 0.8954326923076923 0.4254807692307692 0.06490384615384616 0.09134615384615384
0 0.4807692307692308 0.41586538461538464 0.06971153846153846 0.11298076923076923
0 0.953125 0.47475961538461536 0.055288461538461536 0.0889423076923077