1 0.1658653846153846 0.4723557692307692 0.11778846153846154 0.1658653846153846
1 0.055288461538461536 0.453125 0.11057692307692307 0.21394230769230768
1 0.4855769230769231 0.40625 0.09375 0.12980769230769232
1 0.9122596153846154 0.2127403846153846 0.11538461538461539 0.24519230769230768
1 0.24759615384615385 0.47115384615384615 0.09375 0.12980769230769232
1 0.33533653846153844 0.42908653846153844 0.09615384615384616 0.1201923076923077
1 0.8485576923076923 0.32211538461538464 0.09615384615384616 0.13942307692307693
1 0.6875 0.3293269230769231 0.0889423076923077 0.11778846153846154
1 0.7800480769230769 0.2980769230769231 0.08653846153846154 0.12740384615384615
1 0.5985576923076923 0.3605769230769231 0.07932692307692307 0.1201923076923077
1 0.9074519230769231 0.28365384615384615 0.0985576923076923 0.16826923076923078