1 0.1875 0.21514423076923078 0.16826923076923078 0.08173076923076923
1 0.054086538461538464 0.4050480769230769 0.10817307692307693 0.08413461538461539
1 0.6237980769230769 0.28725961538461536 0.32572115384615385 0.12379807692307693
1 0.5264423076923077 0.3088942307692308 0.12860576923076922 0.06610576923076923
1 0.5637019230769231 0.24879807692307693 0.1466346153846154 0.05889423076923077
1 0.6923076923076923 0.2800480769230769 0.16706730769230768 0.09375
1 0.8161057692307693 0.28846153846153844 0.1045673076923077 0.0733173076923077
1 0.7836538461538461 0.4026442307692308 0.2980769230769231 0.109375
1 0.5480769230769231 0.4675480769230769 0.1466346153846154 0.08533653846153846
1 0.8100961538461539 0.4963942307692308 0.24879807692307693 0.12379807692307693
1 0.9399038461538461 0.41586538461538464 0.1201923076923077 0.12379807692307693
1 0.23197115384615385 0.6177884615384616 0.18629807692307693 0.11778846153846154
1 0.5600961538461539 0.4795673076923077 0.10697115384615384 0.054086538461538464