1 0.38341346153846156 0.7800480769230769 0.24639423076923078 0.12139423076923077
1 0.41466346153846156 0.8846153846153846 0.2764423076923077 0.19831730769230768
1 0.23197115384615385 0.5793269230769231 0.29086538461538464 0.2091346153846154
1 0.27283653846153844 0.4423076923076923 0.24158653846153846 0.16826923076923078
1 0.4411057692307692 0.359375 0.4026442307692308 0.140625
1 0.6502403846153846 0.1310096153846154 0.37259615384615385 0.17307692307692307
1 0.4519230769230769 0.06490384615384616 0.37740384615384615 0.12860576923076922
1 0.9002403846153846 0.42427884615384615 0.19831730769230768 0.25240384615384615
1 0.8112980769230769 0.8040865384615384 0.3389423076923077 0.19831730769230768
1 0.5709134615384616 0.71875 0.2512019230769231 0.21033653846153846
1 0.7872596153846154 0.9278846153846154 0.4254807692307692 0.14423076923076922
1 0.0985576923076923 0.41346153846153844 0.1971153846153846 0.22115384615384615
1 0.08653846153846154 0.039663461538461536 0.17307692307692307 0.07932692307692307