1 0.8425480769230769 0.4338942307692308 0.13221153846153846 0.15865384615384615
1 0.7019230769230769 0.6009615384615384 0.31490384615384615 0.1466346153846154
1 0.3329326923076923 0.6586538461538461 0.3389423076923077 0.14423076923076922
1 0.24879807692307693 0.7692307692307693 0.25 0.0625
1 0.0829326923076923 0.6346153846153846 0.12740384615384615 0.09134615384615384
1 0.025240384615384616 0.8930288461538461 0.05048076923076923 0.1658653846153846
1 0.1141826923076923 0.9675480769230769 0.17548076923076922 0.036057692307692304
1 0.19831730769230768 0.8689903846153846 0.12740384615384615 0.057692307692307696
1 0.04447115384615385 0.45552884615384615 0.0889423076923077 0.0889423076923077
1 0.042067307692307696 0.23197115384615385 0.0625 0.11778846153846154
1 0.2439903846153846 0.49399038461538464 0.18509615384615385 0.07211538461538461