1 0.7836538461538461 0.16947115384615385 0.1875 0.10576923076923077
1 0.9387019230769231 0.35697115384615385 0.10817307692307693 0.10096153846153846
1 0.32572115384615385 0.2956730769230769 0.3629807692307692 0.16826923076923078
1 0.4326923076923077 0.3076923076923077 0.14423076923076922 0.08413461538461539
1 0.3858173076923077 0.24879807692307693 0.16346153846153846 0.07932692307692307
1 0.2512019230769231 0.296875 0.1875 0.1201923076923077
1 0.12139423076923077 0.31850961538461536 0.1201923076923077 0.0889423076923077
1 0.16826923076923078 0.4375 0.3293269230769231 0.14903846153846154
1 0.4266826923076923 0.4795673076923077 0.1658653846153846 0.10817307692307693
1 0.15144230769230768 0.5396634615384616 0.27884615384615385 0.15865384615384615
1 0.037259615384615384 0.4639423076923077 0.07451923076923077 0.13942307692307693
1 0.78125 0.6045673076923077 0.21153846153846154 0.1466346153846154
1 0.41466346153846156 0.49399038461538464 0.1201923076923077 0.06971153846153846