1 0.2608173076923077 0.5216346153846154 0.06490384615384616 0.036057692307692304
1 0.30408653846153844 0.36778846153846156 0.11538461538461539 0.057692307692307696
1 0.6490384615384616 0.5444711538461539 0.09375 0.038461538461538464
1 0.6009615384615384 0.4651442307692308 0.057692307692307696 0.038461538461538464
1 0.59375 0.41466346153846156 0.06490384615384616 0.04326923076923077
1 0.5048076923076923 0.3088942307692308 0.15865384615384615 0.09134615384615384
1 0.8629807692307693 0.5012019230769231 0.18269230769230768 0.06971153846153846
1 0.7848557692307693 0.4543269230769231 0.12259615384615384 0.06490384615384616
1 0.7692307692307693 0.6826923076923077 0.08173076923076923 0.04567307692307692
1 0.6947115384615384 0.7175480769230769 0.10817307692307693 0.04567307692307692
1 0.8834134615384616 0.5096153846153846 0.18509615384615385 0.0625