1 0.20673076923076922 0.49399038461538464 0.0673076923076923 0.040865384615384616
1 0.25961538461538464 0.3449519230769231 0.11778846153846154 0.06490384615384616
1 0.5901442307692307 0.5432692307692307 0.09615384615384616 0.04567307692307692
1 0.5492788461538461 0.46153846153846156 0.06009615384615385 0.040865384615384616
1 0.5444711538461539 0.4110576923076923 0.06490384615384616 0.04567307692307692
1 0.4639423076923077 0.3004807692307692 0.16105769230769232 0.10096153846153846
1 0.8052884615384616 0.5144230769230769 0.18509615384615385 0.08173076923076923
1 0.7307692307692307 0.4639423076923077 0.125 0.07211538461538461
1 0.6995192307692307 0.6899038461538461 0.08173076923076923 0.05048076923076923
1 0.6225961538461539 0.7175480769230769 0.10817307692307693 0.052884615384615384
1 0.8257211538461539 0.5252403846153846 0.18509615384615385 0.07451923076923077