1 0.9399038461538461 0.5 0.1201923076923077 0.12740384615384615
1 0.7536057692307693 0.671875 0.46153846153846156 0.16346153846153846
1 0.23317307692307693 0.84375 0.46634615384615385 0.3125
1 0.5384615384615384 0.9026442307692307 0.14903846153846154 0.19471153846153846
1 0.2932692307692308 0.9471153846153846 0.14423076923076922 0.10096153846153846
1 0.1045673076923077 0.8521634615384616 0.1466346153846154 0.09615384615384616
1 0.10697115384615384 0.9651442307692307 0.21153846153846154 0.0673076923076923
1 0.15144230769230768 0.7644230769230769 0.2283653846153846 0.057692307692307696
1 0.3545673076923077 0.7584134615384616 0.1875 0.10096153846153846
1 0.11658653846153846 0.6490384615384616 0.21875 0.0889423076923077
1 0.04927884615384615 0.5985576923076923 0.0985576923076923 0.11298076923076923