1 0.3894230769230769 0.7331730769230769 0.12259615384615384 0.0625
1 0.24158653846153846 0.7307692307692307 0.12980769230769232 0.06850961538461539
1 0.4170673076923077 0.6766826923076923 0.13221153846153846 0.06009615384615385
1 0.3004807692307692 0.6358173076923077 0.11899038461538461 0.040865384615384616
1 0.11298076923076923 0.5637019230769231 0.12259615384615384 0.06850961538461539
1 0.2536057692307692 0.5625 0.08653846153846154 0.054086538461538464
1 0.5901442307692307 0.609375 0.24158653846153846 0.109375
1 0.7992788461538461 0.5132211538461539 0.25 0.17908653846153846
1 0.8533653846153846 0.45913461538461536 0.08653846153846154 0.05048076923076923
1 0.671875 0.2776442307692308 0.16706730769230768 0.04567307692307692
1 0.5733173076923077 0.22596153846153846 0.06971153846153846 0.042067307692307696
1 0.8016826923076923 0.2800480769230769 0.08653846153846154 0.057692307692307696