1 0.6033653846153846 0.8461538461538461 0.27403846153846156 0.14423076923076922
1 0.5649038461538461 0.9206730769230769 0.3076923076923077 0.15865384615384615
1 0.7788461538461539 0.6370192307692307 0.3269230769230769 0.24278846153846154
1 0.7439903846153846 0.4879807692307692 0.27163461538461536 0.1971153846153846
1 0.5649038461538461 0.3870192307692308 0.44471153846153844 0.17548076923076922
1 0.35096153846153844 0.12740384615384615 0.41346153846153844 0.2091346153846154
1 0.5709134615384616 0.0733173076923077 0.41586538461538464 0.1466346153846154
1 0.0889423076923077 0.4326923076923077 0.1778846153846154 0.28365384615384615
1 0.16346153846153846 0.8473557692307693 0.3269230769230769 0.23317307692307693
1 0.40384615384615385 0.7692307692307693 0.28365384615384615 0.24278846153846154
1 0.19591346153846154 0.9459134615384616 0.3918269230769231 0.0985576923076923
1 0.9086538461538461 0.46634615384615385 0.18269230769230768 0.25
1 0.9362980769230769 0.06370192307692307 0.12740384615384615 0.0889423076923077