1 0.7463942307692307 0.46033653846153844 0.2668269230769231 0.12740384615384615
1 0.6875 0.5769230769230769 0.2668269230769231 0.08413461538461539
1 0.5180288461538461 0.7043269230769231 0.38341346153846156 0.140625
1 0.11778846153846154 0.6875 0.11658653846153846 0.07451923076923077
1 0.14182692307692307 0.7644230769230769 0.2091346153846154 0.07211538461538461
1 0.08052884615384616 0.5096153846153846 0.16105769230769232 0.10576923076923077
1 0.3329326923076923 0.5733173076923077 0.28365384615384615 0.12620192307692307
1 0.09254807692307693 0.3173076923076923 0.18509615384615385 0.08173076923076923
1 0.04447115384615385 0.2620192307692308 0.0889423076923077 0.038461538461538464
1 0.20552884615384615 0.23798076923076922 0.14423076923076922 0.06490384615384616
1 0.30288461538461536 0.2848557692307692 0.1201923076923077 0.05048076923076923
1 0.14423076923076922 0.16105769230769232 0.06370192307692307 0.06490384615384616