1 0.9038461538461539 0.45072115384615385 0.15144230769230768 0.1141826923076923
1 0.7139423076923077 0.6021634615384616 0.40865384615384615 0.14423076923076922
1 0.22956730769230768 0.8088942307692307 0.45913461538461536 0.38221153846153844
1 0.5240384615384616 0.8545673076923077 0.13341346153846154 0.2668269230769231
1 0.30649038461538464 0.8485576923076923 0.12740384615384615 0.09134615384615384
1 0.13942307692307693 0.7644230769230769 0.12980769230769232 0.08533653846153846
1 0.12860576923076922 0.875 0.21514423076923078 0.08173076923076923
1 0.18028846153846154 0.6850961538461539 0.203125 0.05048076923076923
1 0.3605769230769231 0.6802884615384616 0.16706730769230768 0.09014423076923077
1 0.14903846153846154 0.5829326923076923 0.19471153846153846 0.07932692307692307
1 0.0673076923076923 0.5384615384615384 0.13341346153846154 0.10096153846153846