1 0.8317307692307693 0.4375 0.11057692307692307 0.1346153846153846
1 0.7151442307692307 0.5925480769230769 0.27403846153846156 0.11658653846153846
1 0.390625 0.6610576923076923 0.29447115384615385 0.11298076923076923
1 0.32211538461538464 0.7632211538461539 0.21995192307692307 0.04447115384615385
1 0.16826923076923078 0.6514423076923077 0.10817307692307693 0.07451923076923077
1 0.11177884615384616 0.90625 0.07692307692307693 0.1875
1 0.1658653846153846 0.9939903846153846 0.006009615384615385 0.001201923076923077
1 0.21153846153846154 0.9579326923076923 0.15625 0.04807692307692308
1 0.2800480769230769 0.8545673076923077 0.11057692307692307 0.04567307692307692
1 0.09014423076923077 0.49399038461538464 0.1502403846153846 0.07572115384615384
1 0.06971153846153846 0.2956730769230769 0.13942307692307693 0.10096153846153846
1 0.30528846153846156 0.5192307692307693 0.16105769230769232 0.056490384615384616