1 0.3233173076923077 0.6814903846153846 0.08413461538461539 0.057692307692307696
1 0.16105769230769232 0.4543269230769231 0.0889423076923077 0.06490384615384616
1 0.2776442307692308 0.4026442307692308 0.22115384615384615 0.1201923076923077
1 0.5240384615384616 0.6802884615384616 0.07692307692307693 0.06009615384615385
1 0.03245192307692308 0.6706730769230769 0.06490384615384616 0.08173076923076923
1 0.19951923076923078 0.6670673076923077 0.07451923076923077 0.055288461538461536
1 0.36538461538461536 0.7620192307692307 0.12740384615384615 0.0673076923076923
1 0.7115384615384616 0.5805288461538461 0.11057692307692307 0.06009615384615385
1 0.4338942307692308 0.47475961538461536 0.11538461538461539 0.06009615384615385
1 0.14783653846153846 0.42908653846153844 0.17307692307692307 0.10576923076923077
1 0.2848557692307692 0.40024038461538464 0.18028846153846154 0.10817307692307693