1 0.25961538461538464 0.25600961538461536 0.23798076923076922 0.13942307692307693
1 0.4375 0.06370192307692307 0.20673076923076922 0.09375
1 0.6995192307692307 0.3293269230769231 0.1875 0.11538461538461539
1 0.9350961538461539 0.4074519230769231 0.12980769230769232 0.11778846153846154
1 0.4519230769230769 0.5432692307692307 0.2692307692307692 0.20432692307692307
1 0.15504807692307693 0.5144230769230769 0.31009615384615385 0.3317307692307692
1 0.12139423076923077 0.5865384615384616 0.2403846153846154 0.1658653846153846
1 0.21153846153846154 0.4723557692307692 0.3125 0.1778846153846154
1 0.05889423076923077 0.4639423076923077 0.11778846153846154 0.16346153846153846
1 0.21754807692307693 0.3954326923076923 0.21634615384615385 0.10576923076923077
1 0.4326923076923077 0.5949519230769231 0.18269230769230768 0.10096153846153846
1 0.4362980769230769 0.5276442307692307 0.13942307692307693 0.08653846153846154
1 0.6814903846153846 0.3485576923076923 0.19951923076923078 0.11057692307692307