1 0.25240384615384615 0.07451923076923077 0.19951923076923078 0.13221153846153846
1 0.08533653846153846 0.24158653846153846 0.08653846153846154 0.10576923076923077
1 0.6875 0.27283653846153844 0.375 0.22115384615384615
1 0.5793269230769231 0.26802884615384615 0.15384615384615385 0.10576923076923077
1 0.6358173076923077 0.21514423076923078 0.17067307692307693 0.10336538461538461
1 0.7632211538461539 0.2848557692307692 0.20192307692307693 0.1466346153846154
1 0.8894230769230769 0.328125 0.12980769230769232 0.10576923076923077
1 0.8233173076923077 0.4387019230769231 0.34375 0.1971153846153846
1 0.5588942307692307 0.43990384615384615 0.1778846153846154 0.12980769230769232
1 0.8257211538461539 0.5432692307692307 0.2956730769230769 0.19951923076923078
1 0.9507211538461539 0.4891826923076923 0.0985576923076923 0.15625
1 0.18389423076923078 0.5084134615384616 0.2283653846153846 0.17548076923076922
1 0.5685096153846154 0.4567307692307692 0.12740384615384615 0.08653846153846154