1 0.6850961538461539 0.6694711538461539 0.06009615384615385 0.03245192307692308
1 0.8461538461538461 0.5228365384615384 0.0625 0.037259615384615384
1 0.765625 0.4639423076923077 0.16466346153846154 0.06129807692307692
1 0.5324519230769231 0.6370192307692307 0.052884615384615384 0.037259615384615384
1 0.9266826923076923 0.7127403846153846 0.078125 0.04927884615384615
1 0.7836538461538461 0.6790865384615384 0.051682692307692304 0.03365384615384615
1 0.640625 0.7235576923076923 0.09495192307692307 0.03245192307692308
1 0.140625 0.6983173076923077 0.039663461538461536 0.037259615384615384
1 0.40625 0.5300480769230769 0.0829326923076923 0.03125
1 0.6346153846153846 0.49399038461538464 0.08653846153846154 0.030048076923076924
1 0.8617788461538461 0.5048076923076923 0.12620192307692307 0.057692307692307696
1 0.7608173076923077 0.46153846153846156 0.13221153846153846 0.057692307692307696