1 0.7355769230769231 0.4254807692307692 0.2932692307692308 0.15865384615384615
1 0.6826923076923077 0.5540865384615384 0.28846153846153844 0.11538461538461539
1 0.5168269230769231 0.7043269230769231 0.4182692307692308 0.18269230769230768
1 0.09254807692307693 0.7223557692307693 0.12980769230769232 0.0889423076923077
1 0.12980769230769232 0.8004807692307693 0.21394230769230768 0.09375
1 0.0625 0.5348557692307693 0.125 0.12259615384615384
1 0.3076923076923077 0.5817307692307693 0.31009615384615385 0.16105769230769232
1 0.06490384615384616 0.33052884615384615 0.12980769230769232 0.0985576923076923
1 0.010817307692307692 0.2776442307692308 0.021634615384615384 0.04567307692307692
1 0.14302884615384615 0.2403846153846154 0.15865384615384615 0.08173076923076923
1 0.25 0.2800480769230769 0.13221153846153846 0.06490384615384616
1 0.07091346153846154 0.16346153846153846 0.07211538461538461 0.07451923076923077