1 0.6634615384615384 0.7091346153846154 0.13701923076923078 0.09134615384615384
1 0.8100961538461539 0.6730769230769231 0.14423076923076922 0.0985576923076923
1 0.6213942307692307 0.6598557692307693 0.14423076923076922 0.0889423076923077
1 0.7295673076923077 0.5925480769230769 0.12740384615384615 0.0673076923076923
1 0.8990384615384616 0.47716346153846156 0.13701923076923078 0.09615384615384616
1 0.7584134615384616 0.5084134615384616 0.0985576923076923 0.07451923076923077
1 0.4338942307692308 0.6322115384615384 0.2644230769230769 0.16346153846153846
1 0.20432692307692307 0.5841346153846154 0.29086538461538464 0.23557692307692307
1 0.13822115384615385 0.5432692307692307 0.09615384615384616 0.06971153846153846
1 0.2776442307692308 0.32091346153846156 0.1778846153846154 0.08413461538461539
1 0.3641826923076923 0.24639423076923078 0.07932692307692307 0.057692307692307696
1 0.14903846153846154 0.35336538461538464 0.0985576923076923 0.07692307692307693