1 0.7548076923076923 0.26802884615384615 0.17908653846153846 0.09375
1 0.6298076923076923 0.10697115384615384 0.15625 0.05889423076923077
1 0.40865384615384615 0.29447115384615385 0.140625 0.07692307692307693
1 0.18509615384615385 0.3401442307692308 0.1658653846153846 0.0829326923076923
1 0.5865384615384616 0.47716346153846156 0.19831730769230768 0.14302884615384615
1 0.8533653846153846 0.47716346153846156 0.2920673076923077 0.2403846153846154
1 0.8401442307692307 0.5336538461538461 0.17908653846153846 0.11298076923076923
1 0.7776442307692307 0.43990384615384615 0.234375 0.11899038461538461
1 0.9122596153846154 0.44350961538461536 0.11057692307692307 0.11899038461538461
1 0.7776442307692307 0.3798076923076923 0.16346153846153846 0.06850961538461539
1 0.5973557692307693 0.5192307692307693 0.13701923076923078 0.0673076923076923
1 0.5997596153846154 0.4675480769230769 0.10336538461538461 0.06009615384615385
1 0.421875 0.3112980769230769 0.1502403846153846 0.0733173076923077
1 0.0733173076923077 0.1346153846153846 0.1466346153846154 0.1502403846153846