1 0.6213942307692307 0.7127403846153846 0.14182692307692307 0.08653846153846154
1 0.7824519230769231 0.6911057692307693 0.14903846153846154 0.09134615384615384
1 0.5829326923076923 0.65625 0.15144230769230768 0.08413461538461539
1 0.7055288461538461 0.5961538461538461 0.1346153846153846 0.06009615384615385
1 0.9002403846153846 0.49158653846153844 0.14182692307692307 0.09134615384615384
1 0.7475961538461539 0.5096153846153846 0.10096153846153846 0.07211538461538461
1 0.38461538461538464 0.6057692307692307 0.27884615384615385 0.15144230769230768
1 0.1466346153846154 0.5276442307692307 0.2932692307692308 0.2283653846153846
1 0.078125 0.47716346153846156 0.10096153846153846 0.0673076923076923
1 0.25240384615384615 0.2548076923076923 0.1875 0.07211538461538461
1 0.35216346153846156 0.18509615384615385 0.08173076923076923 0.055288461538461536
1 0.11057692307692307 0.27524038461538464 0.10096153846153846 0.07451923076923077