1 0.32572115384615385 0.6658653846153846 0.0673076923076923 0.038461538461538464
1 0.15625 0.49399038461538464 0.06971153846153846 0.04326923076923077
1 0.24879807692307693 0.4338942307692308 0.18509615384615385 0.07692307692307693
1 0.4963942307692308 0.6370192307692307 0.06009615384615385 0.04326923076923077
1 0.057692307692307696 0.6983173076923077 0.0889423076923077 0.057692307692307696
1 0.21634615384615385 0.6694711538461539 0.06009615384615385 0.040865384615384616
1 0.37259615384615385 0.7283653846153846 0.10576923076923077 0.040865384615384616
1 0.9266826923076923 0.7283653846153846 0.04567307692307692 0.04326923076923077
1 0.6418269230769231 0.5276442307692307 0.09375 0.038461538461538464
1 0.3918269230769231 0.47475961538461536 0.0985576923076923 0.038461538461538464
1 0.14182692307692307 0.4735576923076923 0.14182692307692307 0.06971153846153846
1 0.2548076923076923 0.43028846153846156 0.14903846153846154 0.07211538461538461