1 0.28125 0.5024038461538461 0.055288461538461536 0.028846153846153848
1 0.3088942307692308 0.36778846153846156 0.09735576923076923 0.042067307692307696
1 0.6153846153846154 0.49759615384615385 0.078125 0.028846153846153848
1 0.5709134615384616 0.4338942307692308 0.04807692307692308 0.028846153846153848
1 0.5600961538461539 0.390625 0.052884615384615384 0.03365384615384615
1 0.47716346153846156 0.30528846153846156 0.1310096153846154 0.06971153846153846
1 0.7956730769230769 0.4483173076923077 0.15504807692307693 0.05048076923076923
1 0.7271634615384616 0.41346153846153844 0.10216346153846154 0.04927884615384615
1 0.7271634615384616 0.609375 0.0673076923076923 0.03485576923076923
1 0.6646634615384616 0.6430288461538461 0.09014423076923077 0.03365384615384615
1 0.8149038461538461 0.4543269230769231 0.15625 0.04326923076923077