1 0.15384615384615385 0.4098557692307692 0.25240384615384615 0.1658653846153846
1 0.2692307692307692 0.17307692307692307 0.21394230769230768 0.11538461538461539
1 0.5985576923076923 0.35216346153846156 0.1971153846153846 0.1346153846153846
1 0.8822115384615384 0.35096153846153844 0.2091346153846154 0.14423076923076922
1 0.4230769230769231 0.6310096153846154 0.29086538461538464 0.23557692307692307
1 0.15264423076923078 0.6862980769230769 0.3004807692307692 0.35336538461538464
1 0.13942307692307693 0.7644230769230769 0.21153846153846154 0.18028846153846154
1 0.171875 0.6334134615384616 0.3269230769230769 0.21153846153846154
1 0.04927884615384615 0.6634615384615384 0.08173076923076923 0.16346153846153846
1 0.15504807692307693 0.5576923076923077 0.22596153846153846 0.12980769230769232
1 0.4206730769230769 0.6862980769230769 0.19230769230769232 0.12259615384615384
1 0.40384615384615385 0.6213942307692307 0.1466346153846154 0.10336538461538461
1 0.5865384615384616 0.3762019230769231 0.2091346153846154 0.13221153846153846