1 0.296875 0.7391826923076923 0.30288461538461536 0.19471153846153846
1 0.3076923076923077 0.8581730769230769 0.35336538461538464 0.27884615384615385
1 0.1814903846153846 0.47836538461538464 0.3629807692307692 0.30288461538461536
1 0.2536057692307692 0.33653846153846156 0.31009615384615385 0.24519230769230768
1 0.46153846153846156 0.28365384615384615 0.4831730769230769 0.25240384615384615
1 0.7415865384615384 0.109375 0.44471153846153844 0.21875
1 0.5288461538461539 0.036057692307692304 0.42788461538461536 0.07211538461538461
1 0.9086538461538461 0.45913461538461536 0.18269230769230768 0.3173076923076923
1 0.7524038461538461 0.8569711538461539 0.3942307692307692 0.2860576923076923
1 0.5204326923076923 0.7151442307692307 0.3317307692307692 0.2956730769230769
1 0.6875 0.9338942307692307 0.4519230769230769 0.13221153846153846
1 0.10817307692307693 0.27403846153846156 0.18990384615384615 0.2764423076923077